-366
195
-565
-742
-830
-435
-441
759
-517
-51
116
-2
-838
-770
470
-979
-212
774
606
896
802
-979
937
742
-318
-503
827
-664
-992
-904
117
-984
625
744
-921
-136
-693
-474
381
-482
343
-372
402
252
442
630
513
-142
391
-601
-567
145
6
-620
-615
3
710
-669
-73
604
59
-687
-313
-573
449
746
-740
79
-861
-909
-176
-321
-719
321
-620
-782
630
-514
949
-806
100
-286
-294
-162
976
252
47
431
-210
610
472
-34
475
-108
409
488
478
316
-340
-661
507
-793
64
-512
-374
311
-716
-276
543
-75
-26
-403
-752
-408
840
-421
64
646
512
497
-963
109
-46
-870
774
80
-408
-407
-605
-808
-928
23
768
998
881
-869
-680
-29
-603
-453
456
334
558
-664
155
48
142
-120
-179
926
-937
39
975
-617
531
888
-843
504
-899
-552
-939
951
-457
-305
-339
324
18
0
282
-582
940
812
-258
634
553
37
454
-632
320
839
431
-426
-8
793
42
740
-738
262
-86
378
754
798
50
767
-777
-890
-653
580
-632
-707
643
-400
-812
642
-871
-390
809
607
-372
-526
645
-245
486
-32
14
69
-759
-132
814
-144
204
-349
-460
372
888
-954
-719
-776
567
599
-54
-464
177
-793
-796
-34
-442
-433
783
439
-166
813
653
-924
-916
68
-352
-721
716
-993
-391
-151
-939
996
353
-154
55
328
-521
843
377
547
591
-329
690
-420
-761
567
218
904
415
944
-492
-700
690
331
-951
-552
-249
812
898
395
530
-899
-272
619
884
-885
526
-59
138
759
521
-234
-445
-169
122
996
-771
676
-829
230
-768
565
-872
-713
-490
-773
-421
928
-687
-427
-88
-103
867
-684
-141
895
-264
735
-409
674
-350
-344
-916
150
-983
305
-899
537
902
453
-292
997
-294
-350
-254
231
-594
761
398
681
887
-937
561
490
217
872
-374
-466
632
176
-270
-54
-219
870
398
-206
-949
913
-612
-154
923
-365
-755
-144
536
745
-339
-855
-791
-610
72
474
706
-398
731
-875
973
-524
323
-389
-992
-346
-295
712
-783
6
77
-934
-462
-849
-126
973
-633
797
630
631
274
254
-569
-937
-208
-393
-765
587
910
68
-40
-181
-223
831
-3
527
86
836
-908
603
247
-376
-523
721
-370
931
929
-363
29
720
-605
-976
-745
-69
-50
288
-754
-845
950
-705
763
412
-881
-142
148
-460
-41
-16
666
851
770
-441
-950
-167
96
282
221
394
642
925
793
70
-52
-174
-530
936
817
-227
-446
441
-924
276
-437
942
350
553
-723
908
-888
391
-510
927
322
337
-616
69
999
483
285
-494
455
-318
-607
-431
-625
-144
741
-534
102
196
727
61
-567
238
749
15
535
-988
378
1000
536
257
-622
793
-264
474
-411
120
-940
565
-394
264
297
-19
813
-537
257
10
-279
358
68
-283
346
-386
86
-41
-781
736
20
545
-888
371
-506
-912
861
989
91
-708
444
-585
33
587
-511
-201
816
-461
-38
831
-758
160
-726
381
248
646
666
8
-73
-839
-97
785
901
875
-349
-642
-920
-415
-375
-316
35
-34
64
718
335
743
-526
-765
-197
696
765
-179
862
-350
-576
-112
640
-240
-649
-585
-648
-909
540
563
-539
-186
-531
-28
-350
-174
-694
79
-189
-183
-259
-673
638
-789
-178
-472
386
57
-123
985
648
-148
-411
804
-162
-777
986
98
-565
-315
-145
980
883
-63
-84
-212
146
-934
-9
-40
-120
-85
-48
273
706
754
-181
875
-549
-67
-871
182
-96
774
-553
-850
777
4
-5
-905
224
-795
684
387
493
-935
-294
537
-349
456
-616
-797
-696
17
-528
445
212
276
-67
-375
867
-449
-901
-815
-257
811
2
-597
171
771
876
-668
89
594
833
-221
-526
601
-817
-434
154
-156
153
643
-904
-243
96
568
51
33
-221
-218
-824
-336
-937
-906
248
669
455
-939
-580
488
917
-252
-760
642
-666
-981
735
587
-386
-938
714
779
-863
-33
365
-546
30
-547
321
-937
-194
589
-349
-48
-168
740
896
-715
788
986
59
-741
689
-65
213
614
-294
556
-950
250
-870
-260
-683
-856
-31
-694
491
35
378
130
-548
-489
890
887
-78
-597
905
-425
297
-996
-203
658
-836
-629
-737
700
939
-620
979
-573
-805
-252
658
-186
848
-664
52
859
-560
8
-83
452
489
165
371
-128
-14
316
94
-330
161
657
508
875
-648
-445
-849
143
256
808
409
-776
421
-133
-375
-447
-200
-742
396
1000
32
562
951
65
-368
-960
405
-156
-744
667
-471
-450
813
990
-416
-97
-102
227
-834
998
647
75
-988
-803
-152
-592
358
-382
290
308
986
-412
307
132
-675
853
394
-212
970
-396
-342
-292
-217
766
74
834
-145
-898
-258
-956
24
-879
505
824
-94
-947
767
-217
462
174
-262
528
-284
895
-344
235
64
503
976
-425
354
-552
695
-702
391
476
534
-50
-563
-814
811
701
-170
44
-797
250
-531
428
243
-93
76
-129
-50
-952
8
-535
-459
-548
280
8
295
343
-665
-91
-929
-202
-403
730
948
818
183
-104
977
190
-403
-195
223
306
586
-452
539
-886
-631
-900
-396
229
-392
879
-238
-223
833
444
467
-76
36
447
742
393
-670
801
173
-822
-468
-124
598
-323
4
-878
768
630
151
807
415
-116
-269
543
267
698
714
270
932
-281
-467
800
-611
908
126
-776
