-4156
9489
5118
1538
-9350
6699
-3092
9211
6875
-52
-5602
4612
-8559
3710
2815
9955
-7723
6952
6898
-4120
-8269
7618
5685
7098
6752
-76
-6605
-6926
-4439
5099
8244
2488
9442
9487
-1858
4702
-2813
2884
-2887
-2744
4719
-4123
-6545
-460
-9195
-3105
9229
7653
-2332
1712
-1241
-614
5482
1222
-3205
-2105
1978
-7427
281
5887
-3136
-2954
-2790
4765
1342
-727
4051
-2791
-2801
-7191
8563
-2430
-123
-7902
-1711
8474
-9836
-3856
-4602
-697
1136
4056
2510
-8327
2512
2434
157
-3717
-8391
5036
-188
6679
7494
-3984
-7516
-1782
-8980
-8656
-3938
-6014
-5374
-1477
1013
-2068
-6233
9388
-6525
8623
4419
-6031
6245
-9401
-1495
-9232
-6161
1237
4655
4620
-8740
8321
1460
-2844
3193
4573
7441
-188
306
-5040
-5461
-4593
2856
6550
-4312
586
3139
-2414
-3132
6785
1578
-7617
1362
-7442
4261
2655
1245
-1404
-3152
7932
6266
8376
-3981
-7714
5970
-5425
9835
5336
6319
5045
-1532
-5295
6223
-6325
3853
1697
3233
883
-5493
-937
-2507
-1987
-8497
-7172
5425
-8768
-8601
-3007
5222
4935
-7605
9547
-4252
3683
-9116
-3396
8018
-2364
9452
-9181
1854
8650
-9631
-3705
1802
-8927
-9724
-3242
-6707
957
2806
7480
4880
4665
7305
-1740
-4732
-7736
3862
-7869
-7912
1232
-4744
8308
7990
-2616
5888
5505
-3846
7569
-3624
-2163
5095
-763
-1420
6278
-4349
-7667
-133
8764
7398
4948
-7229
-1255
6634
-4480
2813
-8217
-3775
3016
893
-6902
-9860
-1847
6726
-4121
-1203
-9352
-8476
7903
2697
-2391
-1292
6799
9074
-1947
-9842
3538
-3629
-7321
-840
298
-3580
-8851
-4998
486
-557
-2050
-5474
5225
7372
-3560
6023
1453
-494
-4220
3630
-9456
-8425
7258
2447
-3531
2561
6269
-9866
6386
5466
-8926
7585
5143
-2779
-1068
-5865
3016
-8674
-8444
-9182
-7083
-1781
5018
-1181
3186
-8058
8508
779
5633
-1332
1605
-2719
-5367
860
7707
-7936
-1731
7875
-8250
-1820
4198
4866
-1051
1557
-6555
-5406
6947
-7479
-4810
5411
4551
6554
-8682
5411
-1538
2681
5478
2641
-2540
7216
1607
6280
8049
-158
2320
6312
6334
-4468
-4540
1744
-9012
4985
1942
-4713
-2743
7208
169
5589
-1988
-1759
-2298
-1754
5578
8650
406
-2367
3271
5397
-4944
6283
-6534
-9119
-3175
8691
1964
-1320
5913
8386
1571
-8637
-1968
1867
9881
7083
-1282
-4195
-2097
61
3425
6186
-5247
3581
-8970
1382
3232
4891
5888
8193
-8037
4246
4181
-8960
1873
6525
-5765
-1471
6562
8846
-8257
-1187
-3046
-5834
-2797
-6269
6313
-9355
4016
-6565
9000
-4202
6633
8738
-9423
7394
5914
-7859
-5728
-2480
-1261
6261
-7259
3249
-3023
9075
-6338
2930
9990
7992
2460
5861
3746
-670
4606
-4668
124
-3231
-9937
-4230
6387
-1986
6391
-6912
4257
-7114
-1317
-7878
6354
-9995
8334
-3197
5119
-4085
7599
-7806
6583
-5209
7969
9040
-7007
9459
-6294
-7036
-8674
-9974
-399
1059
4480
-1029
8479
-4257
2271
2649
-6223
3127
-9165
2973
-4602
4068
1489
-2151
-9827
4855
3932
1523
-4516
-5800
3559
6961
-6197
7490
-3118
3452
-195
-4659
-595
-5246
7575
1394
7970
717
7717
6337
-6894
4867
-9332
-9363
-7396
1930
6859
-3548
6861
-813
-2388
-1364
-5827
9275
-8243
-4294
8144
8809
5590
-251
-9326
-1796
9443
-1998
9023
-7438
-1388
5645
-8706
7118
7753
-6509
296
-4585
2541
8340
3318
-2924
759
2748
5437
-9684
4336
9232
-9247
6426
-3485
-6740
-6486
-2211
6743
9717
5456
4636
6363
-6500
4996
-9470
4317
-2166
-3204
-679
-8930
-1539
6425
4621
9404
-3444
-5712
-9481
-2424
3604
-2209
-1125
-3538
-6900
-239
-4088
-6628
5369
-3607
8496
4750
-2130
5333
6274
8026
-5721
-5834
6482
-700
-9998
-236
3833
2545
1814
6227
-7449
2590
-3059
359
-4939
4226
1813
-6168
-4434
-2924
2670
2058
3469
3372
-369
4889
726
-9318
-6613
3621
7095
-8522
-8984
-7072
-3490
7007
1835
-7428
-1959
9830
1736
3924
-5408
-6574
-9739
3921
9689
3939
-7827
-8801
6618
-910
-5481
4720
4975
4267
3549
-5750
3449
8520
-8559
-9039
1949
-2206
7066
-1488
7173
-2568
4280
-6609
702
1658
1321
7233
8927
-6206
7443
-6800
2903
3558
4171
7257
-3139
9962
3161
5301
-4310
1993
511
-7450
-6902
-9261
9333
7766
-8315
7303
-678
7984
-7361
1229
7612
9163
-6592
7311
8894
4563
4572
6232
1853
2203
-23
-4132
7795
9875
2607
-9225
8737
8015
3733
-3838
-5182
3914
-3675
-9027
3048
4990
-8406
-9213
2179
3221
5218
2169
3120
-9099
4300
-3386
4178
-7301
-5165
-5971
1251
-1025
-2329
-8832
-6058
4972
5635
7277
-7981
-3449
9060
-8001
9624
-4286
6633
-8458
478
-178
8832
-2275
-928
7455
6122
-7210
-2677
-101
-3584
6178
-1445
-2411
-2992
-6022
-5098
2510
4594
4308
4691
4957
6726
-8764
7179
-9350
-6191
-7518
1432
-1014
-9026
4256
9639
8460
4354
-585
-1896
5572
6364
-4204
1154
-6743
-2956
-9783
-789
7131
4367
9600
7754
-6824
-8498
2007
-6831
3425
-2768
9804
8390
-1950
8457
2508
-1978
-7368
5012
3452
-4379
-1800
9247
1183
2333
-3886
-5942
556
9102
8918
-6814
-236
-4523
8968
-4894
5296
2963
5703
-8793
-681
3583
-9140
4945
4583
8154
298
3263
4996
8664
-5523
8269
-3708
-5326
-4322
-8573
-7956
-7820
7108
-9709
4695
-5305
3517
-5055
405
-4823
9134
8204
-6385
-8239
-5321
6908
-4913
-2369
-1101
8649
-9588
4001
-6850
5500
85
-3467
1829
1014
-4091
6968
-7026
8889
-3119
-2957
-2862
9299
-9190
7698
1882
-1051
-1008
6531
-3773
-696
6488
5044
-8036
-3557
1891
9635
1642
4351
-4180
7005
-6070
6094
3060
6550
-7953
1416
-132
-8633
-2236
2425
-6429
-8536
-9419
-1246
687
4954
-2958
-2924
-5153
-4315
-5341
3223
-6157
566
-7109
-2509
1616
-9257
965
5708
-2759
975
9883
-6256
-6610
6054
2892
5746
-1474
5672
865
-3405
-9408
4763
421
-8075
9867
-9451
131
9290
9757
1085
5736
4142
-5498
-3809
2112
709
-5958
6763
-7121
-9677
5242
7025
-1383
6026
8037
-2958
-5430
-4922
-6037
-398
4687
-10000
1190
-9398
-9971
-1583
-110
-1243
497
4412
5470
-2973
2826
9917
-6295
-7363
8795
3611
9881
3992
-801
4871
1373
-9661
-7938
4187
-8517
3703
-5444
-9211
260
3400
-3080
2719
6808
-4361
7928
-2501
9124
7789
6053
-2842
-7271
5029
-4503
-9979
-6400
-1622
-8065
-3158
-5189
-5272
-344
2419
-6236
-7533
5309
1440
7859
1047
2492
-9802
3078
-5341
-2044
-321
-5468
7086
1435
-385
-1357
1015
2751
-7826
7010
4460
-5837
4029
-3746
8992
7332
6457
6831
8665
3158
-8527
-9048
-1984
4059
7417
6309
-5165
1015
-4411
2096
-7285
-253
6470
7580
-9825
-52
-2913
5534
2330
5725
3430
721
-8064
-3270
8018
-4424
-7434
8335
2904
-7623
9226
715
-5015
845
-2054
7693
2307
-1746
-7427
3585
-4744
-6479
6979
2977
-2465
-7563
-3055
-9571
1309
-1189
2406
-2591
1125
9652
1164
-7421
-2964
4078
-9824
9125
9208
-3435
-3707
8375
9397
-1978
3264
-3607
5143
2045
-6461
8289
3446
4809
8082
8693
7919
-8240
-5846
-9410
6078
-4337
9156
-2858
8799
-1029
-9931
-8322
-3577
-8878
-8352
3070
4367
-4400
5244
-6515
139
-7113
2758
-1699
7986
7635
7954
-2518
703
-835
-1804
1213
-7044
2396
-1645
-2002
3761
-5940
-5721
7916
-4789
7065
1225
5292
-8046
-711
-8789
-2248
3481
8618
944
-7844
3870
-870
7750
1875
-2269
-2669
-5745
-1641
943
-231
5325
-2225
-5728
-3669
-2645
7288
7785
-5071
-6982
3408
7685
5689
8835
-6619
3169
-9053
4752
6589
-3727
6009
7321
-5059
-1591
-2190
6785
5107
-1790
-5329
-6070
-1103
-5489
-4653
-4927
-5405
-9987
7605
9523
-2756
-4901
-1950
-7239
-7416
-9352
7235
-676
3445
-2233
2561
-3475
6867
7438
7573
-5383
6155
-4627
4039
-2385
-6010
2491
2689
44
381
1518
2899
-8306
8981
3007
4109
-6521
-5340
-4204
-8664
5078
5622
5924
5107
7117
-2464
4346
5689
8181
1265
-6926
-2763
3065
-8190
-1239
-1870
-927
9906
-2520
-7597
1404
8749
-7829
9185
645
-8924
7073
9747
-3227
7674
-7889
9317
-7431
-6753
-5253
8482
-5710
-3116
-6282
6191
1549
1824
-4865
8956
-8895
3188
-194
6963
-5993
5458
-5607
-3474
1216
-1837
-194
-4339
-5943
-6424
7479
-496
2747
5235
3773
-1100
4462
-2354
5275
-2273
-7219
8848
-3379
7836
-3384
-9556
1965
759
6580
-6039
3802
4107
2886
9988
-6350
-1829
-353
-9863
3483
1559
7173
8906
-3120
-936
-3861
3666
5818
-6370
-3219
-1190
2823
-4506
4660
2822
7918
-8375
7262
5306
3588
-6041
-6293
-9077
8893
3945
1646
4085
8876
49
-8169
5456
-3552
-4858
-9393
7829
8485
559
-39
5823
-7025
4902
8259
4525
-3536
-761
4461
-2033
-7244
-5472
-2031
-6488
8053
490
3745
2091
1974
-1939
6706
4775
5396
6980
-9000
8879
-9235
-6545
5272
-9181
3254
-5940
-4583
-830
-2347
1729
-1821
1946
459
-477
4148
1490
-5879
4424
-8594
-3799
8647
5740
2484
5020
-4554
6414
-1075
2245
1281
-9072
-7862
7551
-556
-3604
-7787
5324
8584
3788
-692
-5328
2573
5530
-9784
-3064
-4475
-9442
-4095
7540
-3681
8531
7876
-4781
-5021
-6802
2469
-8659
4672
329
2611
-338
5880
8254
3347
5588
-8431
-365
-5463
6400
-3568
-7300
-9820
3584
2071
-4742
-3541
5877
-2120
3406
-6678
-8081
4355
7353
7312
-2786
5245
-6920
-5357
-5421
-7634
2050
24
3863
-6164
137
863
8373
6405
-8713
-3889
-4081
-2674
8151
9604
1485
-4189
-6987
9182
-5899
-763
-7168
5112
-6748
5418
-1427
9603
-4183
-1735
-9206
2386
895
7748
-4262
-1916
-9760
8539
5587
3621
-6926
9643
1022
5942
1629
-3031
-4662
-4682
-9627
9088
3648
-2683
8303
3796
2991
537
-384
5418
7182
-4984
-1037
-3289
-2242
4440
4584
-2977
-5724
-9768
9121
-1969
-6546
-5767
-746
-9634
-9185
3174
7056
-4348
-6196
3774
-7288
8790
-6498
2145
-9382
-892
7048
5842
5453
-3049
3030
-1633
2198
-384
-4258
5101
9577
8713
-1392
4259
8061
-6630
-1993
8993
-800
7206
-1257
-9657
-5536
-1632
-1454
5887
7839
4863
-2706
-2198
5840
-4812
5717
5433
-4120
5953
-755
9316
4050
9358
5819
-625
2516
-6234
9937
-9505
-8634
-1454
-5611
8183
9839
1328
-9950
-9792
291
8546
5551
-1277
-8277
5069
9956
-5806
-908
-4680
3612
5339
-8934
-2884
-8172
5129
1558
-9940
9608
8107
-8513
-1728
-1640
-1301
8167
-8992
9093
1832
4110
-2298
-9408
-10
7251
-692
4166
3481
7292
-9768
-5478
3554
-4675
8049
-3035
-25
9150
3108
1728
-2415
4251
8797
6237
-2122
-5335
-6381
-9125
-4084
-1771
4663
2223
-8529
7866
8566
7366
-8449
-966
3496
-6386
3737
3030
-7889
5426
-8246
7967
-6687
8208
1356
5656
3471
-687
-6107
-1565
7401
2186
6254
-7410
7867
2453
1680
-6365
-2890
-4366
-9737
8286
1126
2277
8424
-4814
-2675
-8762
-9821
9765
-4534
9774
-5010
7721
-466
3370
-9243
-661
5534
9543
4539
-3801
771
3611
983
6432
-9641
8978
3335
7056
-35
1611
-6688
2485
2225
-9990
-7314
-6417
-9763
-4790
-1526
-8261
5198
2487
-4552
4233
-2004
-90
5766
-6107
8266
-1464
6002
9551
5048
6294
879
5410
-9689
5526
-265
7367
-3302
5592
-4632
6271
890
-8753
4549
-8368
2181
-1348
-3106
4495
-1429
6938
-4437
-2053
6988
4678
8045
667
1135
8569
-6649
-919
8190
7088
-7112
-873
-9514
-7652
1243
52
676
-2684
4150
-944
1601
1023
-3473
-6139
3065
-3251
-7904
7278
2609
-2621
-8263
3816
-8420
7716
6202
-3285
-7672
-6586
-1644
-2282
8101
630
-2494
2402
4877
886
-3039
-7026
878
4005
-1340
-2402
-5431
-7678
-1037
2713
-3733
9117
-9515
3916
-4839
-9232
2621
-5424
-7678
-5528
-6167
5668
-4209
3112
7767
-1550
4388
9718
5590
-2932
-2581
4646
6626
-762
-4767
5268
-1778
-7129
8899
-3755
645
-8810
5056
-1204
-8266
9464
9468
-9714
-8286
-8175
-252
-6681
-3122
7332
4831
3477
-8826
-4419
8738
9610
-8033
-6572
-1777
-5452
6905
-7221
-2750
-765
4310
-4871
-7564
4640
-2156
9236
-8820
8905
-5350
2811
-4110
7300
3910
-6470
-9426
-3530
-1634
-6892
-3576
6920
6990
-4333
4017
-4626
-4192
6668
7977
6405
696
6195
-6475
9497
8995
8256
493
-6052
-7337
-2703
-9225
4527
-6678
-3765
5524
-1396
6277
-1827
9971
4514
7446
-1633
4896
7531
7133
-6890
6661
6091
-3165
7854
-8324
-9410
-9391
-9654
-5024
-2364
9182
-7885
-4296
-4984
8548
-3538
-1936
4217
3985
4187
7372
-1849
-3637
7910
-7353
-9972
-1536
3016
607
-1686
-461
6219
7684
7193
481
6723
-3045
3236
-4976
2082
6392
-1765
-285
5895
7581
-9979
-7083
-2118
-4551
7595
-2875
-7793
-9140
807
5578
-7795
4276
-6833
2834
-5740
7612
3343
8480
8317
3941
5098
-160
-1196
2195
-4872
-6095
-6173
21
-372
8387
5609
-6468
-6123
1525
-4863
-1912
-5975
-5596
5105
7786
-1367
7810
6939
-3698
7339
-6407
4122
-3152
484
-5357
-6014
9268
-3586
-3971
8370
-7039
-4650
3190
-3807
4015
4034
9508
-8774
-8124
2414
-2524
6738
-3461
573
-5104
-4106
321
7778
7764
5251
-6724
-5555
6080
933
-6795
-7544
7120
-3974
-7756
3784
2679
-5096
7386
6002
2766
3743
6357
-2397
-5765
9628
-993
4840
-1670
4349
-7307
5955
2929
9199
5057
-8818
3752
-813
-4048
909
9359
8767
-8583
7546
-5810
-3979
5502
-2699
8416
-1661
4258
6924
7911
5343
7965
4553
-4063
-438
-2215
1926
-6821
-3353
8225
-2630
8847
-8023
2231
896
8373
6682
1862
-5900
4002
6372
8103
1768
-3800
6375
-1142
9781
-2124
-8683
-6880
-2232
-2756
-7943
6674
-1324
6943
-2076
-2949
-3752
5888
2624
-2120
5256
-3099
-6057
6578
8511
6265
8211
1109
-9597
-7121
6135
-4776
4499
-3261
-1405
-5114
-1664
-6577
-3556
1510
6500
9482
-5518
-9491
5460
776
5356
2738
-9264
3770
8160
-5940
7518
-1149
-9909
-6884
6707
62
-5517
9110
6859
7962
-4213
-3327
9862
7009
8828
6991
4301
252
-779
-3777
9651
5443
-3352
-3992
-9145
4917
-7622
8841
-7393
5566
4198
3492
-1044
-8443
-7219
3310
2786
-604
-481
4437
368
-1001
3311
7406
1369
-3376
-2506
3686
6635
-3998
9133
9804
-5426
7707
3159
6269
4809
1956
303
-228
6261
-1109
-4017
2550
-3540
5345
5554
2596
-497
-4421
4459
9727
-8586
5833
-6455
7036
2939
-4765
1874
-7901
-7746
-2039
5293
-9873
-5768
-8587
7317
4090
9001
-3689
2368
352
-4672
-3844
-2933
9448
-1956
-2970
1904
1184
-231
-9445
-7905
5769
-943
-2776
-4154
754
9026
9138
7563
-4388
-5600
4998
-7660
-5966
-5265
7983
7846
-2978
-6894
-8663
2979
1024
5935
1500
8423
7512
-643
3788
-6913
5483
9515
-7837
880
-2324
4821
8832
-2176
4079
3255
-5135
4384
7495
6211
-2436
-3059
-5341
-3121
-5194
5696
-4352
3862
9563
7994
8897
-9769
-4815
9481
-59
5738
-3340
-4389
-9326
6675
-2750
-2531
-1132
-6260
-759
-486
8732
5489
5351
-3568
373
-8112
5572
9802
5383
3282
8012
9998
-308
7115
1405
5825
-5877
-2372
-5075
-714
-8687
-2294
3452
9984
-8357
-46
-8025
8304
8478
-3323
-6293
7350
3889
-4654
-7053
4924
-8653
-9928
-6837
-4531
7952
-5414
-7080
-4585
4320
-9229
1210
-3050
-9178
-4836
-8945
-4090
-3695
-8159
152
5743
-113
-1739
6179
8151
349
-6445
9143
9022
4616
-4794
134
-9672
-8958
9064
1784
4933
8880
697
6843
1852
4551
-9673
-991
-5864
-4849
2233
-1844
-9915
-3684
-8887
5615
743
-1623
7003
-4539
9134
-7202
8820
-6926
4528
-1453
5042
1260
-2131
-6580
1446
450
2355
7285
-2886
5843
-7089
6902
-379
-4499
-5184
-6191
3579
5096
-8844
4533
5721
-550
-6352
3280
-1253
-3999
7222
7656
4904
-487
-9937
-9365
2298
7261
9377
-7609
-6407
9047
-4741
1881
-2520
-5319
-8017
7529
-7032
-593
-3880
451
5710
-3656
-5626
-4832
-5046
2035
5199
-2088
-3414
1908
6098
-9338
5344
-170
-8811
8391
8807
-1308
2081
7151
3736
-7150
-8481
-2392
-7083
732
4937
8457
-1736
8855
-4622
-7786
-7616
6663
-1435
3726
-5813
3447
-6316
-9480
564
9391
-3685
-2679
9991
-1149
-625
-328
6718
-5936
-3535
6723
-6778
-3988
-7445
-3675
223
5367
-5286
1739
-3796
4393
7738
2802
1461
-4434
-7523
5036
4878
8325
-8609
-7441
8462
1335
2854
8036
2225
-7398
-1380
7203
-1745
-1946
-5973
-93
708
-7652
5415
-661
1909
4198
8604
1937
-6965
-8934
2285
7626
749
9390
-4936
-2305
-998
8520
5316
-8404
9848
-2374
-8534
-5617
-5003
-3226
-5167
-5359
2169
-7102
-4380
-4425
1325
-8697
7189
3098
2627
7602
5122
-9335
2614
-6508
-9266
-9850
743
9266
3270
6298
9163
-1339
-5430
-2830
-9036
-2600
-1085
6286
1984
4763
3602
3521
2836
4867
8759
-1658
8701
-77
7103
-7876
5983
7760
9686
-8471
-6370
-8300
-9978
-786
5395
3000
-3888
9151
2830
-405
2334
-6547
-800
1345
8556
2125
-8380
4008
9021
8621
4013
-5917
-4748
-6950
-9121
320
1450
3777
6832
8886
-5351
7500
8438
1486
-7888
6812
-8022
3167
7429
5724
8525
-5052
-6580
2670
-6628
253
2924
-2779
-544
-9804
-7798
-8718
-9625
2806
-9018
-8607
9320
-8610
577
356
-1569
-4019
-2531
-8753
-5420
2098
6540
8651
-24
6940
2852
-5750
-3058
-2579
-2143
2132
1682
-7553
-9228
1318
15
-3173
5347
-1367
-1223
-1141
5954
-8394
-6110
1029
5185
-1369
-296
-4683
6971
3071
-7262
9570
9004
667
8286
-7346
3373
6544
-2190
9207
3906
1064
-7163
1267
6584
-9968
-1280
-8213
3249
2318
-8415
8088
-1988
-1871
-5451
-8347
6410
2984
709
5170
-4427
-9292
6397
-2076
-8090
14
-3969
-8036
510
-1032
-7433
2087
4789
8854
-8727
5437
-2543
-9356
-5377
5644
-179
-7265
-9324
8178
4227
-265
-303
-3424
7410
6791
-179
2987
4526
-1974
-2291
-4042
85
7679
5506
6516
8224
-2839
-8500
-4822
8988
-9949
-1617
7668
7898
3715
5148
-9531
-3596
5184
-1786
9117
-4508
-7854
-8343
-9524
8574
-8861
6778
9400
2094
5218
-5223
-4308
9324
-5782
4249
-3064
7046
-5903
-3606
4731
-8427
-7808
6097
8328
-990
5321
2766
-2712
1782
-6223
2357
-4403
-5291
3773
-2227
-8722
-3965
-9992
8246
-1100
-6488
3989
9545
5636
-3905
-9062
-6950
-9453
-7322
-9802
67
-7010
70
-7148
-9048
5266
-7129
-2574
7080
4935
-9202
4604
8048
605
-7587
6603
6340
3321
3581
7001
-2703
-7359
6768
-7449
2564
7276
-1390
-7323
-7074
-9815
-3844
-4167
-5141
-3950
5769
-872
-8597
5789
-6142
-4192
-4243
-1086
-9907
-3066
-7561
-623
-1275
-4427
6453
6823
7596
2594
-2885
8201
332
-8143
705
-8394
-2036
-6925
8468
-2739
2008
-6407
-764
982
-4118
2303
3827
-7782
-504
1610
6875
-8436
-9346
6393
-4969
5177
9296
7968
1963
5401
-7434
-6333
310
-7820
8158
-6069
-5608
4169
6018
-2914
9269
6211
1234
-8243
-4663
8319
5858
6399
-7796
9665
-6666
-9947
4150
120
-9758
6738
-6512
-7994
1392
6137
-8683
4946
-4994
-3683
-8800
-8025
-6535
4586
-4022
1222
3202
-1592
-5861
1135
-3505
-4443
4384
7147
2534
-100
4923
4100
7876
6120
8440
-5091
-9933
8665
6034
-5633
-2166
-4561
9729
-1257
1666
-2537
-2657
-8481
521
-6318
6251
7225
-1260
3395
-862
8409
1111
-2167
6623
-1615
1331
-2877
-10
3523
-7219
-66
4218
-5780
-4933
1092
-5300
-1473
-1223
6444
-8033
9920
7818
7946
-1344
-6009
-476
4553
647
-1699
7869
-6946
6622
-9263
-3484
-384
-2367
-6639
9778
-7986
-1455
-3952
-9583
-4036
5935
830
2447
-6058
8743
1377
2038
1382
7731
-3531
4887
-256
-4011
-3466
-8672
9240
-4138
6398
-2619
-6621
6443
-2390
-3616
4766
8247
-9596
-1545
8101
-1523
4469
-2104
3245
5950
4787
-94
-2473
-86
-1232
-8102
1116
7396
1599
-5900
110
-378
2892
5538
7413
4164
2258
8123
9442
2560
8872
4988
8592
5037
5864
6505
513
6207
-3214
-3222
-7523
-4877
-4317
-6071
2456
-9295
4007
3680
8467
8784
-482
-714
38
6360
684
4689
-7569
-3847
9084
-5065
-2494
-9890
1318
-8412
933
2261
-7484
1130
-9265
-8098
9960
8405
3537
-9688
-5159
809
-6337
-9382
1858
-4815
3121
-1579
-5753
-1672
-9342
-3859
-6123
8372
-6629
5937
1670
3682
7976
6360
9928
-281
-1924
-1057
6134
278
-9226
5971
-4751
750
3431
-7294
368
-5801
6298
4933
-6608
-1557
1643
8345
1599
-6549
4489
-4801
5457
-245
6986
8913
5291
-9731
8827
-8291
-4097
7737
3971
-9624
1050
4991
-5318
3799
4224
7504
-924
-4220
-2458
5483
-1018
4984
-5589
-9556
251
4515
8432
319
-5812
6334
1299
6620
7769
-8231
-2593
-7806
2822
3933
4397
-2271
-7912
-3926
3850
-4093
463
4137
8539
-4972
5775
-9957
9176
9684
2054
-4305
-7636
8893
9529
-8823
-1816
6015
-8088
721
365
-9651
-978
-9480
-5043
4862
1681
2762
-7287
7835
-4064
3193
1179
3015
406
-9890
8259
-5641
-2667
-3311
3743
3880
3060
-1047
-421
-9388
9811
-8826
-9307
-8852
-7139
5120
4470
7187
-5769
8211
5703
789
-9059
328
8144
-6286
4357
6694
796
-4370
-7776
-6635
-5217
-1640
9852
-8908
329
9017
-2630
6039
7245
576
6559
4098
8730
-4160
8305
6532
8340
-4869
465
490
-9175
3219
843
-8099
6406
-8327
7742
-7105
-3946
-8857
6702
-7939
-2774
5382
-6268
-5631
-583
-9967
3338
5623
-2879
7509
-1090
-3291
9897
5743
-2456
2303
7509
6404
1075
-7831
-3909
-3624
-5744
6305
-8081
6360
8818
-2397
7053
-2337
-641
2948
789
-4942
7245
1687
-596
-686
2095
-3012
6903
-149
-5952
-8668
-9270
-8189
7055
-9789
-5304
-3618
-2267
-7480
7540
4289
6150
8796
-8348
6768
-9748
-3463
-1538
-5014
-5789
6584
6855
-7895
-4317
-4612
6045
-2785
-1447
-1914
6208
-6696
-4583
-3024
-6069
1005
-5067
-3997
3672
1905
1064
-9874
-7769
5136
7837
-5041
1793
-6832
6408
-9781
-8244
2003
7506
3177
6955
-7656
-5053
-2295
4315
6242
-3518
-6959
9302
4338
8026
9571
5594
341
-4817
6988
-4028
-341
5256
-3736
5474
2485
-8308
6060
2750
5160
-5885
3608
2710
-4763
9189
-2839
6551
-3410
4201
-1094
8538
5135
7605
3528
-6277
-922
3594
2234
-3272
7722
1585
-1056
-7959
-8003
-3001
-1442
-2781
8239
9516
-6015
6711
-808
4030
-6850
-4516
2591
2437
4197
-2539
372
-3951
-8699
2129
-9355
-3088
4805
-2019
-1290
375
-8107
5527
-715
-5629
-7929
-136
-8802
-7639
7919
7511
-2639
-1565
8519
-3063
3321
-1007
1159
4528
3333
3849
859
3501
9656
-3661
2264
-1556
3838
4858
2071
1516
-3999
-3523
-1044
3997
-3481
2292
-2767
5839
6289
7111
-7595
-1545
3537
6800
3940
2337
5986
-3407
-9010
-8795
6771
2602
-567
-3098
1509
1971
-1094
-9320
4643
-1317
2219
8678
5091
9256
-8022
2385
4616
-7249
6892
-1830
-3205
-6346
-3343
5979
-1650
-5206
-5031
-518
-8156
-979
2044
3337
2539
-2022
-7859
5274
7841
-3588
-1349
-4677
-746
6859
9162
-930
-3841
-1241
1923
4148
1547
3575
-6463
-4207
-428
187
4702
9150
8261
-394
-9623
6599
6109
-6439
6328
-9784
6069
-7497
8893
-8259
7084
4491
-5020
-6433
-6668
-8050
-9380
6884
1650
-595
-6364
-3805
-2104
1818
-3042
-795
-178
-142
-9407
8344
8163
-3002
-4334
9695
-5171
324
2816
4234
2869
-8423
9240
-8039
-4566
-3789
-2572
9949
4751
6366
-9214
5774
-1671
4372
-1610
6983
-152
-3278
4805
8815
4643
9723
-5520
65
8150
7617
4092
7015
7313
9714
1030
4486
8569
2759
-239
1810
5237
6658
-1831
-7132
-7655
5825
3774
-7704
1536
-4036
-2407
-4970
4232
-9750
6604
5401
-5009
-2092
-1341
4895
-8024
-4821
7037
5654
-1601
3287
3340
5438
9612
-4446
69
-6171
5119
1111
-83
-715
7974
-2237
6980
-4880
-9277
-8519
-1111
-5129
-20
6586
9994
-8423
3296
5987
-9485
4623
7447
-1588
-6134
5018
-242
-6197
4842
-2056
8677
7912
-6496
-3782
7302
-894
-2619
-7978
-6377
6644
5819
969
1040
2298
9314
-155
-7059
4880
-6019
4733
-7229
849
3169
-9305
-6720
-5795
788
-4623
-525
8363
4170
9650
7808
5446
-8669
-8706
1376
5985
-4937
558
5733
-2653
-524
-3358
3050
5557
3415
-8868
-3935
8077
-6412
-9873
2371
317
-4745
-4057
4121
8144
-5394
5569
-2421
-1726
-1097
1574
-4103
3500
2147
-7833
4285
8623
7363
-8234
-6271
7193
9488
-7500
4973
7215
-863
-3480
1139
-6888
4785
5445
1488
-3295
3584
-4429
-4976
4309
-1869
8751
537
-5238
4960
-4608
6473
-8972
-3041
2889
5891
1774
3181
-6375
9238
2666
1960
2700
-2803
-2052
-1347
-4129
446
-3862
-1516
9702
5780
-6675
-7175
6523
5951
1552
8373
7655
-7906
-7740
-7209
-384
-2708
7225
-2591
9317
7419
-335
-8034
-5555
-4473
-5289
9100
-8318
-2733
1614
-6927
3439
-4000
3391
7205
6469
7399
4170
3404
4688
7209
4374
5022
-8095
5236
-7278
6965
-2648
-3984
-328
-7156
-2693
6083
8929
2951
-2571
390
7763
-5561
-4537
-5480
-3708
-3734
2844
-4997
-5365
4294
-1136
7401
-1418
-8831
-9512
-3034
-8355
1717
6376
-2165
182
-4285
-8381
-3692
-6821
9192
6737
8478
-6466
3241
-3343
-7749
-6995
-8874
827
227
-4583
9518
4396
8253
-7630
-8118
4173
-981
-3454
4478
4917
7719
-8413
2006
-2475
4251
-4091
-8843
3286
-8123
-2982
-5437
6795
-8183
-3593
993
-3553
-2930
7647
-8778
-5783
-9585
5586
-7979
3229
3222
-8998
-7549
4036
-4706
4551
3175
-7019
4105
8285
-4167
1098
-3541
-599
-6425
-9885
9198
3610
-5138
6093
7982
5595
-1400
-663
148
2850
8594
-1897
9023
-5627
-2002
2595
-9554
-7892
-8970
-1646
-3142
6275
-8290
-8424
9822
-1454
-4432
-4804
-7197
-4469
1027
8870
7420
9731
1453
9587
3091
-4162
1680
-6048
232
5340
-5655
-5309
6914
-1179
6534
-3083
9177
732
764
-3028
-6772
4003
278
5600
-8734
-2830
-5196
762
-8702
8775
6465
2952
-33
-7479
4657
-8030
7965
-8081
5812
64
-5487
-918
-1812
5891
4332
-3301
-6758
-3008
-5382
7149
8283
8828
2613
280
-907
9951
8083
7462
8594
-454
7412
3399
9542
-576
-971
-5571
-2837
5738
-3650
-4364
575
143
-1656
-7390
-7404
4490
-3584
4230
7522
-7363
1750
-9114
9205
153
-2238
1227
-1458
-7572
-1688
-6888
6529
-2479
7731
9639
-3586
-9195
-100
5515
-3685
6985
-2575
1630
7185
1092
-3235
-3195
-196
2076
3192
6291
8342
-1114
-8094
4974
-2516
-3877
510
-3721
-11
-7792
-5094
6761
8535
-4434
-4413
8869
-6808
-8350
8702
-386
3227
-9496
4902
-5865
3967
-8761
-5435
9630
4332
-5257
-2065
-8460
-3106
-1577
-6828
508
-6088
2635
-830
8819
798
-7115
-2672
9300
-6760
-7736
-9491
-1601
2318
9365
-1672
6322
-8398
3460
-5505
8185
-922
-3896
-9293
4226
-4274
-1327
-2149
1523
-8248
-5806
7352
-3252
-9056
-7557
8097
-3770
6220
-5881
-224
-8959
7328
6828
6821
-4893
9723
-2430
-4010
1211
3724
9327
-3553
-5725
-782
-686
4414
6378
4431
1428
4518
-306
9407
-7388
8307
4453
6192
-1728
7850
-1639
-1050
4425
-7759
7398
-974
7513
-7728
-3034
-7047
-5862
-7321
-3084
-6766
-5116
7147
2201
-3585
2766
3050
-9716
-3699
-7419
4737
2923
4869
-9100
-7422
3027
-7414
8676
-5275
-4591
7595
4332
1610
-7649
-1997
-5767
-4949
-153
838
431
-2793
-4709
-1040
-8873
-4799
-6510
-5549
888
8965
1904
-3139
7120
4042
-4106
4095
2195
376
1811
5807
4008
-9009
-7852
5324
4886
-8433
-7939
6061
9068
5485
5980
8377
-1076
-7763
697
1506
-3511
5308
-1163
468
1159
4137
8500
-9624
1247
-9336
1427
9742
-4873
-7135
2176
5233
-4170
-9529
-9067
6567
4558
6815
4046
-9615
3491
-7959
3144
5074
-5199
-1191
-7826
2415
-3092
-9825
-8285
2361
3419
9852
637
-9538
4044
742
3807
9750
7495
9457
6867
-7356
5913
-7680
2643
-7182
-7547
-3243
4999
3546
1353
8203
-4747
-7400
-9314
5982
-7724
2425
-4458
-224
1074
-794
-7801
-7308
-9268
6861
6668
-9056
8144
-8045
6419
7454
-2196
-7439
9175
8693
-6785
1460
-258
-5212
-4603
7496
1723
9174
6364
4872
8918
7922
-868
6813
7080
4550
-4990
-2349
-2768
4938
2380
5320
-1190
-8119
9008
9760
8614
-6644
-8203
2213
9650
1130
6564
8420
-3137
8660
-6543
7432
5897
8926
808
49
9211
778
6106
5513
1403
-2176
-4898
6428
-9793
8793
4230
-946
6828
9649
3381
9026
8503
4971
5378
-8746
4657
3208
-6101
-3369
-8211
5315
-7077
3531
-6147
-1117
2163
-3496
2330
4283
9275
1206
-9605
1729
-5442
7271
-7116
-4080
-3919
5714
8545
-1108
2452
-1591
-4343
-5375
-8679
-3247
-7449
-5973
-2713
-3678
-2447
-2164
8774
-7034
-9848
6496
1549
-8033
-5953
-781
9470
6310
-6947
-1090
-6773
8950
5621
-1681
6883
-9693
-6069
2394
-2053
3352
-242
4341
-1699
-5856
-5424
-503
-2920
4204
-4406
-2732
-1451
2507
6953
-7955
98
-3443
3055
6817
114
-9831
6192
5170
9588
-8862
-6376
-5213
-4836
-1401
6262
-6945
-4254
-2563
794
9573
8303
-5554
6363
3846
-5306
-2393
3927
-6077
-7944
9599
7486
4145
4264
-9412
4112
-7982
6075
6718
-8693
3048
-5317
-609
-5906
-9877
3812
7080
4975
2208
-8803
-1363
1859
-2633
-7776
9650
-3824
-8142
8115
1444
2632
4047
2023
-7447
5537
402
-2405
-9546
5308
-783
587
8279
3093
661
9094
-7800
-9302
-3916
9566
3392
8159
4688
7241
6079
9374
-6886
-6593
2609
-8377
-7540
9708
-4663
563
-5877
-1387
-4629
-6740
3828
9031
-6994
2418
-2975
2301
2730
3008
699
4362
-2107
5764
6018
1795
-1720
-6898
-7342
2850
-6334
-509
2547
8922
-4459
8768
-2716
-5333
-2086
4367
9791
4462
7294
-4703
-8088
6031
9971
-5844
5100
1586
3774
4293
8434
3232
1276
-9045
9551
-8380
8329
7814
6878
1073
-1193
3623
3099
6183
-1497
-7720
1295
5384
-2165
-8321
3636
3015
6217
-8666
-6514
-8643
8158
-5798
9304
-7454
5794
1160
8722
-5350
-2163
5523
-4366
2226
6685
-4523
4179
-7540
6756
-7347
-6546
2731
537
8360
-8809
4240
-8370
8103
9116
3614
-8595
-5355
6069
5337
-3202
6368
-1047
2421
-3355
-4209
502
-496
5376
-1873
6470
-1201
-4116
5615
9925
2448
1037
5344
4825
4098
5175
5833
8206
8959
4144
-4717
-8092
5103
1589
-1270
-1095
-3297
3733
3073
-4913
-4279
1163
4577
-2092
7858
-5843
4138
5072
6153
-1325
8769
-1891
300
7963
-8891
-3162
-4004
6500
8699
8632
-551
-9612
1849
2464
-4434
6108
-6111
5090
-4678
2330
-3431
8189
8693
2192
-3903
6882
5371
-2256
4282
279
9476
8920
6086
-4992
324
8070
3144
8751
-2241
-3788
-2158
2682
4460
-7693
-588
1684
5961
-7339
1095
-6676
2362
3784
-4646
-523
-7834
6266
2029
-8040
2070
7080
3488
-1654
-9209
-7853
-3314
-5172
-671
-453
3175
-784
2156
-7776
3537
-9297
-1986
-3363
-9581
-5322
-7999
2535
-9923
-2586
2925
-2754
2920
3010
-2471
-7436
9703
4364
-5121
8579
-470
5320
7528
6537
-4445
874
2427
-2648
145
-8817
9193
5941
-3452
-6736
-836
-2824
-8980
4794
6791
6040
9818
498
7315
-3928
-584
-2547
-2839
-3280
9601
4899
4137
-9151
5269
-5383
9638
174
-2618
-5519
-9752
-539
5260
-731
5069
2439
-3917
-3476
5881
-4119
3394
-935
21
-5252
-2961
2715
-1935
9643
3802
8362
-4062
-5948
6436
5757
4981
9342
-9914
-6471
8818
3678
-2650
-7175
-138
-4570
2249
-9005
-7485
-6068
8995
-975
-436
6583
9466
-6194
-1724
-639
-6084
-419
-4707
8041
-2389
-9656
5699
-1280
8932
-8760
-8143
-3752
-8041
7224
-3854
-7418
4198
-3598
2542
3965
-1002
-6614
6947
-4074
8556
3702
9217
3672
-5572
364
-2543
4909
-4925
1023
-2204
2400
1002
9114
-6518
-2957
9893
8410
-5772
-847
-7082
5846
-5652
8902
-2645
-8458
-7895
-7959
5840
7996
-3032
7468
8
3159
5031
-6643
9128
7726
9779
9501
2515
7176
127
-7524
7138
8245
5777
-4968
68
-6170
813
8590
6846
-8657
-8211
6230
7973
2063
5786
5425
7944
-9363
179
-4656
5036
1415
-2582
-9463
2901
-4968
2840
-8725
5441
-7108
-610
1061
-8240
9491
-7680
8046
164
-869
7487
-2438
-9913
1463
-1603
9906
7829
-6745
-907
-7804
1568
4508
7300
-7537
-4697
8021
-9615
-1256
-6519
9705
2778
3896
-9860
4649
-1733
-5956
-3171
-2542
-3866
5975
9633
-53
-2517
-3629
1620
3324
4890
-4273
-8161
3685
-5986
-3527
-3880
9569
-6467
4556
-9611
1203
3499
653
850
-4509
-356
-2311
5987
5847
3698
-7635
6022
5058
-2911
-8310
8772
-5261
9165
-7648
8857
-5886
-3704
-542
-8358
-679
-2354
3775
8272
9523
1338
3718
8568
7061
-2694
-3116
-4673
5005
-4847
-3585
6458
-8824
6368
-6373
-8718
4204
-2262
-2701
-401
-1897
9193
1805
-5959
8013
8831
3094
-5479
1737
-4258
9681
5081
-8580
2650
6270
9664
6291
7750
6826
6747
-2847
1287
6964
5040
-7960
8587
-7708
-5277
-1639
-2867
3291
793
-146
2801
2559
-7016
-6759
310
538
-3713
-9230
4908
-4725
2626
-5248
-8753
-1507
-4455
-1457
-8419
-3339
8770
4522
-4290
273
-7461
4349
-5397
144
-1661
-2708
-9660
3633
7991
5302
-8188
110
2115
-2096
8204
1461
7080
-8735
998
5543
-9222
-138
7488
3912
3471
3549
3927
605
-5795
-8371
-9699
-2158
-9388
-612
-6577
-689
5194
3729
4444
7952
-6147
-8143
8970
5267
-7801
6342
5219
-3040
-2553
1305
-5727
-5157
-223
8500
1540
1908
5240
-2549
-1176
2003
-5484
9540
8372
-1258
200
-8298
-7709
-8137
-6568
-8325
1508
-8135
-7823
2261
9667
-9084
6738
7327
4892
-2141
-8608
-3090
-5423
-8717
9365
-3077
1734
-5229
-8913
2081
-2035
7571
3741
5558
3179
5695
-9025
-9616
-5098
-605
-4084
6119
8490
3889
7302
7857
8016
624
-912
7524
5975
-6433
8739
-30
798
9417
-3680
-2268
-4975
-7710
822
-4778
2203
5545
-3637
2104
-3877
-2672
7829
-3754
-2804
8200
9428
1816
-2925
4424
-3598
9004
-4024
-585
3707
7033
-4209
2784
3475
-515
5994
-7167
-3961
-3350
-9856
-15
-2134
1484
-5493
3152
-7034
1692
-9891
8016
2922
-5687
6854
-5157
-5070
-5938
-3935
-5052
9514
9429
-4153
1189
-7277
-709
-2297
4940
-3638
375
9330
372
8759
-3764
-4157
-902
990
-5144
-4569
8076
-1322
-2575
3318
8581
8978
9039
-6251
-653
443
4585
-5598
4454
-9635
689
-5502
-4894
5792
-8155
8038
-5610
-2618
-9146
-1721
4516
6373
6184
-8330
7518
1702
9981
-5166
4765
-6489
-1883
-4854
2103
-777
3900
1191
-7074
2162
4423
7277
-1543
-2221
-9469
2422
-2509
-7075
-833
-7328
4940
-2839
5290
-7696
7371
3840
-9361
-1825
2872
3279
4606
3877
2863
3218
6742
-282
2909
9587
-1797
-2838
9057
6575
-6083
-3504
-7147
-9608
2448
7855
3138
6937
-5414
3227
-7327
-4367
-7463
4589
685
7059
3289
9927
-6211
1177
7499
6200
-5044
-1871
1769
-929
-8837
315
-2840
7792
2909
3535
2055
5142
-9090
-5670
-5901
7605
-849
1110
-6372
-933
1772
8421
-8369
4465
3100
-2668
-7922
642
-5723
-2724
-7089
-1880
368
-8311
1187
8718
8933
-5736
-3378
4490
-1321
-2549
5616
4448
6593
5355
3826
-8544
2289
-9969
4286
-2232
-8393
2519
-2595
-9291
-7995
-6718
1663
-4221
-4423
-4875
1959
-4956
1105
8719
-1927
-5600
-2026
5308
-7170
3252
688
-482
8075
-6976
4803
-1479
5238
3126
2943
-2737
-1813
-8544
8941
-4271
-1762
8605
6393
-7337
1700
-6196
-8133
-3576
4264
-3827
9407
4244
-3920
-291
-1239
-8099
2703
-986
-3745
8889
-5358
-4697
1038
2788
8161
4061
4259
-3864
5682
-8345
-8471
-7854
-3543
-2149
713
5488
-2492
-8435
8221
-6864
7983
-7273
1556
5435
-3246
-2522
6791
-7423
-1210
4311
59
9909
412
-3859
-8310
129
366
4501
-9378
132
-5979
9434
-4941
7721
-7748
-4413
-2399
-9581
-3658
-870
1147
-4065
-344
-2836
-8709
1673
-3766
3011
3951
3772
2655
8827
7507
720
-9132
-8128
46
7252
1885
686
8859
-2670
-7986
698
8778
1209
-335
-579
8597
-4744
6558
-1843
6772
-2717
-4238
8174
856
-9610
-5210
3560
-8423
3546
1074
4303
-4871
-7930
-9858
-3697
1177
-4525
2767
-7889
8292
668
1748
1025
-2841
-4176
-1100
-1782
-8221
8331
-8506
-1915
3954
7278
-4263
7914
1720
-7397
-4798
481
7386
698
7775
-645
-7164
532
-343
-6616
2747
-2655
-3288
-3489
-8879
-8468
-256
-6414
-459
-2590
-8677
-1132
-9642
-178
74
-5859
-4304
-2221
6442
-1999
-5845
5980
228
848
-1382
3373
9505
-6941
2688
3529
8699
-3063
7451
-1282
1638
4202
-5044
3306
5366
-3935
-5937
6136
-501
-3077
-5142
6094
8845
-9542
69
-4256
-9504
-2903
-3228
1579
-8287
5209
2558
4906
-7185
-8180
-8030
-1267
4142
7780
2114
-9497
-2048
6407
-5013
4281
6553
2168
5878
-6947
269
2704
9438
-5241
-1317
9154
1589
3595
-5502
-527
9481
-618
1376
5468
-4345
9733
-2671
-8804
7003
-9278
1901
2864
-2379
-8455
-8829
-3775
795
7358
-6842
8671
7853
-2452
-2281
-7760
8934
-7204
-9084
8966
1519
7308
2776
4288
9602
3468
-6275
-3897
-7539
4986
2456
-2390
9248
7327
-5481
-6588
-5505
4875
-9866
-8001
2567
151
4976
7628
1257
-5790
-9208
-9111
-7898
-5123
-3073
-5980
639
6929
-7146
-8076
4291
-3049
-3522
-3901
4722
1356
3827
-9302
-5724
8949
-4583
756
-6003
-6953
-8172
9140
-1877
847
-8426
-6793
8396
8933
2326
2461
6945
-3701
8388
153
-110
176
-2410
-31
-9066
1550
4744
9641
-7214
8718
510
-2801
-7512
6931
1306
5844
-666
-5341
-6845
-5814
5431
-2582
-491
5668
9507
4332
852
-8880
-5368
-3898
4845
-7880
-5280
6392
6238
-8806
-8794
6981
5196
-1510
-3669
2600
-1593
1476
7260
-4669
1657
-5022
8535
-7599
-3574
5150
-3575
7067
6327
5590
-7439
4134
-6085
-8409
825
-1855
9840
-2875
-2441
-1361
6379
-9968
-6210
-7484
7960
-211
-7687
6824
-3975
9219
-8102
8705
5245
-9389
722
-1486
713
-2713
-7405
8195
346
-3054
-3191
-6609
6173
3266
-6624
-1987
6092
1309
8796
-6772
-5201
2522
-8319
-1449
7094
3185
-5310
-7466
-3594
6832
-9850
7657
-4805
-5979
124
9964
-5437
-4832
-1720
-5850
6955
-8122
-8923
-9037
-1026
3705
8510
-5769
3099
1901
6287
-37
-3273
8313
586
-5690
3678
-8013
-7292
-4061
6564
-4233
3985
-1932
7736
1012
5721
4435
-338
321
-2378
7387
-2887
8092
3582
1220
-5070
8124
638
4689
3664
6723
-9117
3475
-3466
-3107
-3096
9256
-1327
-8747
-4003
-5802
-8241
-9080
3010
2824
-1977
-6359
-5896
2907
-8475
6162
4261
9314
6600
-1615
-7358
-5884
5973
3169
-6264
-7253
-8323
-3871
-970
-2326
-2795
-4422
9450
1519
6751
-5155
2961
3596
-763
1991
-7417
4204
-3944
3164
7681
8886
-1225
-2140
-4590
8418
616
-4875
-9889
7806
-8793
2744
7167
-938
7585
-7781
8265
-408
-4282
9553
8022
8627
-3292
7168
-4646
-8415
6662
5310
3748
-7353
5515
4612
3709
4367
9260
-7151
1706
-9914
-8680
8490
-9001
8437
3879
8602
6844
4729
-3952
-6307
9381
-3161
8508
8370
-1346
-2606
7708
3019
-497
-8271
-4302
5789
-6223
4037
-5297
-1747
6127
7034
-8701
-2686
-7731
9750
4854
551
-1770
4422
230
-7293
2822
-4065
-402
8899
2036
6498
5271
-15
-4697
45
-660
231
900
1854
3831
-2745
-196
-7283
-6220
-676
3438
6443
-6725
5583
7014
-3483
6190
4320
-6402
-2416
5040
8110
-3988
-3088
8362
7069
-9736
6996
8944
-690
5132
-7228
8909
7827
5798
5802
-8911
2720
7029
-1740
-1587
6561
3972
1445
-9107
-8025
-8084
4418
9472
4529
-2968
4009
8505
-8712
-6305
-4000
2587
-6078
5158
1216
2306
1079
5962
-9383
4357
-6482
1699
-3287
9838
2455
-251
-7479
376
-61
-7931
-979
-413
-5044
-5146
1165
6248
-6240
-1593
-1151
-3691
1977
-3219
59
-6793
6874
-9780
-3866
-4490
2543
2727
-4213
9851
-1382
-4371
-702
6344
8241
2852
5152
-3003
-7224
846
4465
3795
-1187
-5125
4285
-4639
3241
-1741
-8380
-232
3101
-3206
-3516
9755
9941
700
-9713
5641
-8739
-7249
5550
6820
5829
5754
-3516
-3574
8219
5395
-8402
5350
8193
-4501
-8421
860
4597
149
7453
3682
-8777
44
-5612
4067
8167
2934
5213
3109
7664
-2231
-3695
-1483
-1864
-2842
-164
386
-3468
4898
1835
3255
8533
-7762
934
-5818
-3957
3469
4187
3533
-8315
-9864
888
-318
7029
41
-3579
-4568
-7755
7665
3186
-6349
-7095
-5324
-6728
-4599
6225
-4187
-745
6125
6352
4365
7239
-6070
8851
-5255
-5836
1418
9517
-51
8152
3886
-7783
1156
-9860
-5034
6714
-2845
-8698
2796
3230
6305
5140
-5310
-1825
953
-4176
1140
3072
3392
-506
-4759
-8920
9831
662
-3860
3242
7866
-2152
-5626
8398
8343
-5
9231
-8562
-7854
-2819
-1678
-9954
-8372
-9608
-2709
7517
3913
3550
-19
-593
-1673
2024
-8737
3038
-3916
9937
-8460
2538
4566
-626
4715
-1648
-3394
14
6050
6358
-3021
-5838
3995
-7543
-1255
5989
2859
4386
6554
6431
-978
81
-8355
-5135
1023
2729
-4400
-7876
1335
-8884
7216
1421
6911
4816
7877
-6731
9769
3604
-3735
4435
6331
-8187
384
-2274
8690
3906
8393
-9568
-6693
5609
7732
-3103
-1440
-6570
-2464
9754
-2094
-556
9497
8767
1702
4754
-1541
316
6366
348
1323
-4096
8913
85
-4654
-5276
-2612
5355
-9646
-4090
-892
9411
-1579
-8339
-1279
-5839
-7285
-4503
-5986
-1052
-4536
-7850
-504
-9067
7988
-7045
1715
-4636
-4132
-959
-9674
-3098
8863
-3554
2429
-3365
-6724
-3970
9220
7093
2159
260
-2698
-51
-2318
5254
6874
7029
-7137
3395
6046
5670
-4256
1401
-364
-5175
-1502
-3079
5516
3853
8491
1802
3676
3465
-3819
-4405
7803
26
-4492
-6759
-3564
8212
796
-8387
8638
-5288
-8040
1184
6304
440
-3831
144
-6036
-7363
-9358
5644
-9879
-7692
-6870
-60
2987
-6773
480
4589
8663
-174
-1328
7414
2790
7786
-9311
-7067
-5238
-2841
1983
3243
-5362
-1720
3576
-9474
653
2204
4334
-24
8309
-3475
8686
761
-9022
-998
4081
3455
-4238
1384
-6169
-5956
173
-7025
-2132
1218
-1153
1048
8122
-8907
4102
6710
-9929
-1994
1899
-2861
1604
-1888
-8143
-5360
-1724
1915
1599
-7031
-2160
8607
6984
-4236
7822
-3545
5794
-2199
-6287
6238
6746
8407
405
7232
-2696
8438
7892
7566
-7090
-2776
8086
7817
5551
4212
-9445
-5627
3248
7784
8144
-9523
7703
-1276
7091
-5218
-6481
4206
-3238
-3299
-8290
7025
-1741
1697
8336
9197
-6275
-2911
-6210
-9870
5624
1945
-6764
2530
-2570
4400
-1637
694
-5996
1641
-3463
4520
-7075
-5638
5662
818
-3290
5024
-5268
2156
-9926
-2835
8107
465
3109
-3593
898
-6245
-3391
8243
-2834
-7493
-1896
2369
3981
-388
-7606
617
9323
-2045
1264
-9896
-7499
9388
-6158
-9612
9774
-5251
-1465
-9606
349
217
-7430
-2408
493
-8105
212
4448
-5686
1391
8346
2317
3519
7269
4379
-8338
3519
-7155
6679
8263
-6230
925
9110
-9406
4266
6902
-1719
9995
-7031
9654
-1955
8340
-6473
-1562
-8651
4626
-5036
357
-1729
-2205
366
-1622
5741
-8887
-7475
9845
-9689
-4743
-2904
7543
-7439
1943
8469
6175
9243
5398
-9793
7522
4080
8342
-4403
4507
-3650
315
1796
-4592
4366
-7672
-9247
-6868
3366
620
-5589
3477
-3795
3982
-5578
-5375
-4218
8330
-432
7175
7669
6630
-954
-7987
-5718
7267
6522
45
-980
1436
-6640
-3628
7192
-47
-580
-9211
-1645
2131
-6431
5025
5339
3560
6893
9538
-9156
8839
8906
-5758
-9439
8969
2777
-4497
8595
2725
-3950
-2895
-7535
-3872
-963
-3328
-1490
-4632
310
-161
-8804
903
1057
-3471
8833
6673
7332
-8649
-8463
-8605
-7498
6437
-8633
4768
-2176
-9765
-2598
-5605
-6378
-7991
1698
9101
5212
1798
-6282
-7227
8478
6384
-9696
8861
-7083
5417
8634
-6395
-1865
-7869
-6648
-2628
2115
7994
-387
-9586
-7007
1530
-174
-3285
8229
-1696
9384
-4399
-386
-6243
-8016
-7386
-9831
2376
-8375
-2959
9236
-99
-2534
2718
-7367
-6214
-2583
4879
7800
-905
2942
-1585
-5371
7681
-9357
-3419
1000
9498
676
-2385
-588
5308
6824
3676
-7148
-2618
-1653
-1378
-8959
4562
-9847
-7604
-16
-8374
649
3423
-9746
2460
-7841
1571
-4248
8786
-9768
-8937
5108
-3270
7502
928
-163
-4396
-8974
4374
-1593
-9226
-4930
-2677
3010
-2941
399
2032
-3223
-1852
-9687
9820
-6537
1740
4275
7718
-9217
-2657
4538
3514
-7551
659
-7890
3848
-6766
-3583
1197
-4393
-2162
5544
8763
7266
398
9367
9283
9570
-3959
7653
3623
4920
2945
6766
4003
7082
5647
-3506
7065
-2873
-3303
-8802
-3525
5534
8602
-2075
-4914
7060
9848
4628
-1997
7333
-3415
9547
6192
6709
4987
-7184
-7448
6424
1461
-791
-9813
-3267
2442
-2534
-4649
9520
-8751
2003
3504
-1489
-2777
-9069
8651
-6854
4313
-9476
-209
-7947
4979
7920
637
-295
6304
8886
-9076
-5526
6262
5113
874
5173
-5585
1378
9589
-3699
9986
2188
449
-6780
-5638
-1172
8284
-1975
-5715
5736
9559
1909
2503
2865
-8762
9240
-4172
-1835
5510
1166
-8958
-697
-5045
8855
9962
-3948
-472
-9513
-4313
2493
-3810
3791
-7446
-1636
-7742
1747
3662
-3629
7103
-2273
4053
-7677
4354
-8224
3412
-9796
-3565
1763
2242
4999
-366
4545
2601
7709
7020
2280
7487
-4397
-874
813
8316
4118
34
-6748
5921
-3818
4754
8443
-2475
4923
3826
-803
2379
-6278
1604
8907
-2055
6814
7000
-6938
3391
1335
-9909
8527
-7220
-2703
-9025
-6108
-9349
-583
506
2139
1854
-7000
-9285
7119
-9287
9554
-6342
-537
-9831
327
-4196
1197
-1203
2585
618
5877
7219
-9322
2025
-5578
-3584
-4767
-151
-3849
-4703
8728
2690
9812
2118
-8266
9256
4667
-7671
-6452
7247
6277
-3197
-4305
-5471
8165
267
4730
6351
-3906
-9177
2633
8227
3329
6496
4765
2491
9159
-8198
8658
-7203
6542
1319
882
8373
9537
-7013
-4089
-1922
3547
-5629
-4026
-8942
5777
668
-3266
-1548
7564
440
3385
-8325
-9269
-1502
-5103
7411
-4606
169
8376
9367
8071
-2462
-5273
-7596
7434
-6026
3629
-364
-9381
-5910
1291
5900
8821
-7612
-6522
-5065
2472
4078
7232
-8678
-1522
7508
3710
1972
-9480
4026
1314
9992
-1804
-5232
-8770
2058
6117
6537
-7639
9713
-842
-8691
4626
-634
5696
-5664
1171
5249
9913
464
-4623
-387
-1123
-4309
932
9940
2165
-797
-3555
-8782
2533
-1566
-9255
8806
5157
3338
6352
-9883
6728
-6113
-3817
4969
750
-2573
-9354
2728
-3736
3706
-2258
8863
3493
-3260
-2487
-1946
885
359
-9732
2823
-930
5813
3276
2866
-5808
3283
-5
4085
8089
-2192
-391
-8519
9489
-691
-8557
-9790
-9341
3785
1587
6561
5204
7588
2094
-6957
2960
-3508
-8987
4490
9554
-910
80
-6535
-4518
-4787
7812
-9154
5936
5979
7009
524
3342
7147
6237
-8139
-3415
-8075
4945
-4983
-8300
107
-9365
9145
-836
1399
-2634
1427
-5656
-3260
-3227
-7934
2097
4754
7080
-1153
4267
-3570
454
2053
7366
5345
8866
-3591
-7790
992
-5270
8078
-3241
3053
-7696
-2591
-1025
5434
-1185
-380
-441
-290
-8535
4822
-4590
-1067
-6566
-3020
-5478
8970
7563
-776
-5034
-6370
-3897
-6740
6823
-1933
2021
-4301
532
-9631
-8939
7469
-5477
3162
-9990
-7642
4562
-7060
-8568
-2465
9680
2644
-1441
5367
-709
-2209
6117
-7348
-2697
4328
4661
-185
5410
6893
6471
-4390
8924
6726
-2024
-9396
-3701
9272
-6039
-5987
8189
608
1614
-3359
-7602
8837
7262
-9176
-9335
-8984
-1799
9509
-1016
1951
7334
3918
5227
-9654
5585
241
8238
-9399
9852
-4329
-5373
2550
-6524
-5735
-9984
4594
8913
-532
-5212
-2711
5263
798
-9908
-3889
-8485
-9941
4730
3792
3017
2108
-8905
4500
2627
-4956
-3087
-2437
8878
-8364
5971
-3657
4061
-7697
-5553
-4084
9845
5499
998
-5888
6929
5390
-7885
-4423
9473
-6056
8285
-8877
-9522
9630
-6443
8051
-9459
1540
4850
140
3116
-594
4594
5329
1795
-2931
1523
-1408
-9026
1751
5356
-1877
-6635
4072
6992
-2334
-766
-5961
8157
8260
9332
-1712
-1026
3094
-9925
0
-4244
-9936
3154
1804
-8624
-7777
-5195
-32
-5191
-5366
-3804
2818
6381
8582
8231
2026
-4327
-8981
4077
8320
-1933
-5286
-9011
-9100
5904
-7334
-3925
2627
3592
-4379
-8385
-2417
-9385
-2091
2515
269
-1149
951
4772
509
-7762
9091
2350
9743
-5553
905
7000
-1413
2264
-1115
168
-7745
10000
120
-8942
4752
-8933
4316
-1696
6594
-7910
-2651
5748
914
7854
-2444
2407
3639
6220
7937
2411
4509
2076
3043
1816
1175
1352
-1502
4255
-2531
-9286
-1934
3970
-2627
-2503
-9397
6634
-2183
3530
-508
-5402
-8436
-3554
5442
-9665
2291
-6741
9465
-4346
4918
521
-6610
-7018
5209
-619
6321
4246
-8085
-1359
-9224
-8497
-5788
6151
5628
4338
-1530
3134
-7348
-1319
9883
8528
7434
5668
6688
-8439
-5592
-3390
-8244
-9596
2598
-6294
-5087
5434
-8167
2562
7621
-966
-3127
5908
9202
-3884
2915
-4085
8695
-1011
8658
-3384
-9449
5606
-4921
1040
-4684
6428
9566
6015
2685
-7671
2144
-8131
-2223
3292
732
1899
724
-1728
-6432
-384
-243
186
5363
4781
5094
-9730
-594
-4952
4806
6324
1040
-3684
-8935
-6832
6407
-4074
2824
-9656
4389
1343
-9766
-1630
-4991
5089
6238
-9358
-971
4121
2657
9554
-5180
6598
-6268
2711
-8649
-621
-7720
-5186
6135
3710
-7480
-5413
7646
3502
1989
-1297
468
8887
5519
-1311
1051
-6527
-2261
5431
-5753
-9329
-9662
-2450
-5836
6024
-3702
-1983
7357
-5166
1831
6792
-977
-4937
-8656
7660
5721
-7641
-439
-7076
-9854
-4716
6552
-2741
9856
1565
-6859
-5345
-5697
-6573
2495
116
-3357
1343
-3133
-6365
3302
5539
-98
2704
-3978
-9446
6677
-3480
-9533
-8786
6406
-6473
6867
-1267
5093
-9268
3584
8761
-6099
-8891
2677
-5520
2157
-1654
-1726
9493
-3231
-181
-548
4889
-3769
-6648
6346
-1924
-9384
-1816
-5631
-2043
-764
-9470
1986
-723
-8997
8291
-3119
-9949
4382
-1632
5554
-2807
9143
3885
7488
-4250
3698
-188
-4249
2910
7728
8776
3973
-4327
-8699
4032
-7815
445
1460
-444
2206
5867
1729
-1755
6104
969
-9555
5620
7009
5344
-4745
-2151
9387
-1119
-3498
6917
-9527
-4911
-8904
5221
4606
-7901
-4573
-4449
6143
8351
5721
-847
-4602
-5885
809
7779
-7058
-8757
597
6586
9531
-2335
6603
2318
-2117
-4296
-4216
3787
9023
6969
-5331
-1752
2766
-6571
5541
-4589
5459
-4542
-191
-6369
-6581
3583
-1037
6792
-2182
5949
-5820
-2789
5285
8834
-662
-6004
-5858
-2387
5905
1245
-4823
6735
2869
1181
6670
5713
7002
5249
-6223
7681
-9608
-36
-5966
-3175
620
3529
3805
-7625
-5274
-1934
9279
-8957
9486
-2329
-9651
-9044
-2140
3545
-5043
-3636
350
-187
-4750
9354
1242
-298
-8880
-3436
-4564
1936
-2775
5956
-4314
8750
6461
-1059
5115
-6811
-4328
2401
2619
-3488
-7288
-6137
1152
6391
-2998
-3823
-8980
2275
-1512
6261
7850
1851
3387
-471
-1825
1974
8232
1902
-108
-78
-688
-921
6820
-9745
-9903
7307
9468
9259
-3609
8879
-1396
-2783
-5254
-2550
9673
-842
1998
-5532
9007
4875
5097
3981
3502
1527
-5753
730
1358
6288
-2480
2778
-5492
6793
3572
-1516
7709
-2927
-6136
-455
7223
4562
-8114
-6850
2056
680
-9088
4952
7662
6537
65
1601
-7412
-5138
5624
-4984
8978
2079
9009
-6312
3790
-5041
-9955
4476
58
2711
-5674
-6775
-8014
-3387
540
9201
7849
-9520
-6531
-7552
6310
-9298
-6993
-1441
494
4031
778
5463
-9119
-7915
-5926
-3164
-5310
-9746
3962
-406
5545
5913
8685
653
4326
5442
-6668
-8124
6328
-1365
-3441
1865
-8148
-7401
9016
1393
2173
-6758
2216
5789
-8909
-3405
-4449
3986
-4080
-7913
-1397
-602
-1493
-1035
5339
-4983
-9627
9681
-7908
-9818
-8572
-695
224
-9519
8923
5030
8314
-236
5520
8561
7013
449
9811
120
-1610
3909
-4657
1703
6929
1659
3582
-8382
-2962
7182
6851
5057
-1954
7751
-949
3193
-9861
8487
6468
-6736
-7899
-6295
-3641
5801
-7125
-6541
485
-7790
7892
4202
-1412
8838
7273
8554
-4310
-6257
-3738
3798
-6344
2796
4330
-5462
-5211
7650
-3490
3998
-1301
7391
-4170
-3585
5799
-4529
-1558
1628
9284
-9672
-818
664
6906
-9277
-8848
-6574
9212
-1268
4346
-8327
6769
2685
-3063
-9149
-1739
-5296
4819
3296
8350
7771
846
-5390
-7579
4620
-838
1606
-5843
-9545
5079
-8647
-9878
8833
7385
7098
-8937
8662
-3190
-7957
1632
-2928
2889
3135
1956
-8233
-6420
3425
-2798
1327
-3253
-3348
5931
6513
8697
-3061
-8847
3928
-6071
427
4976
-9398
-1599
-4400
-8318
-8861
-9722
-5021
-8328
1967
5126
-1396
6164
-3665
5065
9514
3598
4154
-7534
-6960
-2568
4534
-2613
-2234
1781
-1902
-8985
4143
-5296
2485
2462
7956
-9370
-5329
671
-965
-759
4928
58
-6810
-2342
4331
1031
3697
2527
-6082
5275
-5170
3143
-7701
3518
879
-8442
-1591
-2777
-5588
-8182
3088
9252
305
9429
3025
-87
1346
559
1421
-5544
-3110
-2622
377
-4391
-8838
-4985
-5591
5882
-8396
4937
-7562
8808
5388
3888
-8930
-8511
-1533
9231
871
-926
7889
8836
5372
-6480
4885
8985
1951
-6968
-4985
-966
-7911
-4322
3536
-6527
-4856
-465
-1569
7491
-923
2605
-6114
-7033
8428
8317
410
-9564
6414
-1697
-6913
-5330
-7205
522
4858
8215
-3618
2357
5459
-6054
9539
2615
4225
-5890
9329
3050
9220
5215
7940
4896
-9045
8056
-1044
3970
6904
9501
-4785
-7691
7704
-8223
5980
9588
639
-8639
5378
-6606
6785
-1129
-1999
-5062
-5782
9827
7785
-6247
-7556
8343
2973
455
9007
-689
7101
-6617
1405
158
4382
7308
6490
-7269
5295
-4614
-9553
-9962
-9874
-338
-6262
1003
5285
3822
1830
-4088
-24
-6209
471
-2437
-354
-7874
-7480
1817
-8616
-9614
6419
2625
5769
5276
5173
-9787
2691
-2028
-734
-3370
9765
4353
-4157
-2331
-1747
-892
8721
-1318
8513
9078
704
2046
6084
-2263
-1997
-4636
4976
-108
3500
8443
-693
7464
-6305
-5401
378
6198
4249
9037
3014
-4599
4402
5128
9221
-3544
9176
7308
-6500
-8744
9653
521
4218
4183
8295
-8312
-6777
-8973
-730
-1804
4101
8875
9201
-9891
7845
-3442
-5411
-9169
-8722
4634
4560
-8389
1299
-53
7580
-5581
-9807
2255
-3920
-9610
-1225
5601
-6859
-524
9611
-8370
-1505
-947
-5546
2801
-4415
886
-9623
-3879
8384
7978
-9759
6421
-1315
-1425
-8182
-3122
-692
6085
6148
5252
-1293
8287
1792
463
4340
-5777
-9657
-6179
5365
-9088
-890
-784
-6002
7690
3194
-4246
-5701
-8311
-737
-2896
-9227
3994
-244
8185
-1841
5755
-2930
-4600
558
6690
-1845
5906
3867
6713
-7879
2191
9651
-410
6752
-4420
-3814
-8858
-5428
-3594
161
-5467
5721
-1353
-1536
-136
-3231
6807
-176
6848
-7976
2004
-5381
8141
2705
4291
-5186
-2203
-955
-9727
9629
9114
-5376
8773
-3527
-9409
-9169
-4269
4963
-8237
9873
6305
-8865
9085
8532
9046
9595
857
-1137
7114
5761
6631
3921
-8307
8592
-7693
-8196
9374
2279
-5154
6949
474
9853
-5059
-780
-4330
3453
8132
7689
1209
-4569
-1232
-5760
-5039
-8573
-999
-8880
2484
8325
-2807
8012
-7567
-635
-4451
-6594
8117
2386
-8543
-3757
2216
7412
-9076
795
4173
425
-3720
-8173
5315
2762
-9487
7447
7165
-2739
3767
-8894
-6698
3013
1263
-796
8204
7008
4358
-1037
-2027
-8652
-6988
-2176
833
-7415
-3591
-6622
675
8063
-7445
-4691
250
6119
6324
1125
-6529
-4905
-5098
-1694
-3936
890
2381
-3343
58
-9635
1350
-9584
5457
-1421
5033
-8886
-4849
9081
-3245
-9573
-2847
3228
5905
3946
-183
5808
-8551
-6452
333
-1369
2653
-1083
-7389
4743
42
9104
355
7125
-210
462
1346
-5969
-848
9334
-4655
-2298
656
-8161
1827
1614
-2828
8910
50
2097
-2790
6142
-5574
2975
-210
-6487
5627
5540
1708
-1649
-921
-7500
8375
-1680
-7259
-5558
-1839
3340
4905
-3653
5565
6246
5786
-7328
-3918
-7416
804
1637
2929
5494
-9489
-2422
-1549
9349
-7717
-7973
2113
2179
-7454
504
812
-5287
8103
-5761
-677
-490
1530
-1463
4803
-9011
-4575
3937
5949
-7877
-1005
1742
3994
6352
-4498
5968
-8254
-1012
6661
3788
-4384
-3057
-1700
9806
6545
1518
-359
-9430
9417
-9785
4609
2751
-8977
7293
7367
-6520
-8726
4430
-3596
705
-270
5516
96
2758
-2738
8808
8639
-5297
4351
-3975
8004
-4662
-8940
62
-5264
-5134
-7201
-6694
5095
3247
7673
3512
7388
-7869
8822
8381
8144
7390
-7621
-6362
-7819
7043
4008
-7507
5575
-7444
-6333
9375
3671
-1845
901
9572
1281
-8183
-3962
2144
-5333
-8998
5021
-908
9546
2337
2464
1
-6690
-8542
-5931
-6673
6400
-7835
-9771
-2078
-9159
-7197
9986
688
-33
2122
-7741
3017
3873
5604
-9274
4708
-8960
411
5234
3410
8830
-2447
-3332
-2077
7378
-305
6999
-6353
2128
-4992
4610
6396
2490
-3319
-8244
-5201
-6444
-3600
1436
5350
3189
7161
6966
3969
-3846
-3413
-3215
72
-8727
-5888
832
-5060
8158
5037
-8553
-5102
5774
7338
-4468
-7053
4988
-8593
-2301
160
2703
-5716
6399
-7257
-8341
-4827
182
-6810
9263
2880
4518
-4078
4176
-113
-8050
-7842
7346
-6469
4552
-7311
-2907
7561
-5634
-851
-3912
1532
8604
9840
6464
-3841
7256
3782
3471
-7292
-2131
5090
-9959
-7355
-9605
9231
-8245
-8821
7363
3236
-1771
-2115
2965
-5206
-4405
6277
1977
1531
9094
-4077
6591
-9011
2529
-8199
3593
-8219
8759
5759
234
1134
7229
-6409
-3583
-1769
3617
-3130
-7079
1640
-5650
-4076
-2899
-4996
4096
-7821
-6703
8189
5732
-9283
-5102
1880
-78
-305
-2055
7896
9032
5166
9602
2566
-9277
6366
-9725
5345
-1794
-8905
-3134
2065
4258
-1565
7596
3287
9793
-1451
7583
2725
-3240
103
1209
-2535
-6986
5445
-3798
-5178
-341
-1332
4577
-5048
7184
1392
1474
-9834
-8426
-5303
-8034
-8599
8300
3808
-5525
-21
2613
-7685
6048
2763
7351
-8999
-7089
-144
2222
3090
-4047
5797
2067
-2305
9892
1185
-1854
-1212
-4535
-1939
-6835
1754
-2743
-2098
7284
1511
6591
7594
4375
-9013
-2787
-4741
-3499
1018
-3700
6361
-5527
-2454
3597
-3811
-5919
-6285
8950
-7152
-9133
2391
-9629
5875
-380
8859
9339
-814
8707
-4266
2835
7695
6443
-7346
-5062
-722
5966
-9086
-5114
6897
-4565
-1010
-2518
-1705
793
-6582
8539
-4393
-5442
-3262
9617
-8360
-6126
-1235
-9387
-399
-9029
-9978
-6582
-2347
7167
-2400
1245
6889
2890
6636
936
5429
6048
7037
-365
7635
4563
-4160
-9432
-4229
549
269
7544
-692
-9231
7495
783
-3460
5332
2350
-7291
-7537
2488
5719
-6410
-4509
9207
-7935
-8175
-4907
-5956
-9809
5994
-6285
-3157
-4680
2042
4849
-1758
-6921
-9895
-6333
-5972
-2386
612
-5372
3917
364
8177
2826
1878
8139
4992
-7348
3225
199
9253
525
4525
6676
3650
-7810
-3090
-3631
4266
-2238
7298
-7555
4709
-8438
-3921
814
-9898
-4069
-4886
3146
-6980
8151
1783
-8241
716
-2144
9664
893
887
5430
5368
-4562
-7665
-7985
279
9721
2745
4838
-6231
8360
-1818
7755
-1877
7224
8150
-6958
5938
8565
1627
-5489
6950
-6806
8316
8748
-5702
9234
157
-4520
9496
-8905
-6877
538
9592
1898
-775
-2884
-6665
-3904
1604
-3547
7005
4801
-626
-568
1825
-7792
-8130
30
-3966
6807
857
-5602
6069
9379
-547
-6657
6479
1955
5618
-4073
-6912
7933
2438
-2836
8449
8001
4218
7695
4194
-8954
-4301
-2453
-7866
-6688
5711
-1031
-6603
-6889
8232
8660
-5981
-4948
51
-1705
5219
-8704
1853
3110
-7730
-802
-2800
3156
6461
8448
5008
-6839
-5115
-3990
6425
-5677
1843
-5314
3915
-5051
-3962
-4539
680
-340
-3942
3911
4688
-1796
-5135
8958
-3851
-6562
8915
-2939
-1033
-1971
-7745
1534
5152
851
-5220
-8817
-883
-7263
4913
-2994
-8516
-322
4689
1561
631
256
-3970
-6216
-5458
1718
533
4746
44
-8104
551
-3098
-6542
7496
-7542
-4063
-80
3275
-4491
6707
-3044
-6035
-9814
2805
3305
5872
5576
5867
-3303
-6424
7709
-1157
5617
2673
9362
-5416
6349
-1546
-353
-6082
-203
470
4995
8225
9717
5286
-6228
4501
160
-6695
-5617
7178
5830
-7648
-9934
-319
-4465
2102
1355
6761
-5855
-7082
1105
-6740
-2746
4772
-9782
2811
9750
5201
4969
-5649
-4139
7602
-215
-5568
5289
-1575
-2668
-2858
-4488
-4078
6875
-9315
-9121
-6142
1694
2516
2396
-6773
1183
-516
7694
-1325
4969
-5598
2186
-6496
-9549
1052
-7265
5061
-5971
-1246
-6750
-2716
-8564
-953
2420
-1200
5719
-2642
-2806
9571
-7626
-2752
-4160
6246
9104
865
627
-2870
7403
-8794
479
-6695
1726
-1647
-8136
-6793
5573
2846
-5082
-1211
1536
-5921
-507
-4732
5365
-6194
-2547
-5691
6968
-3359
-9754
1056
-8017
-7128
-9964
-4920
-9602
3620
8471
-6542
8601
-2271
-6227
-5923
1468
1764
7706
4556
8945
-2583
4933
2343
1359
-679
-3105
-7161
9644
-691
-9562
-1346
5102
3144
9539
-3894
-5009
569
-8583
-6148
-4696
-5263
-5216
-1068
6915
-2153
-9284
-1246
1291
-6041
-6926
-7468
3412
5367
9076
5302
-293
-784
8921
-1775
6621
5254
-7716
-1966
-1051
-4455
3630
-408
5283
8099
9434
-4553
-1783
-5888
-7368
-3876
-4193
-7132
5291
-743
5803
8433
3620
3820
-7531
-4496
9679
-6857
-5089
-9926
-2995
-6191
3755
6962
6287
923
-1400
4298
-1933
7949
-8229
-8183
-7946
-7080
4833
1804
5595
-3618
-1924
-1201
-1211
6576
-4116
-6058
-5795
-6530
4905
-1599
-9586
-7287
-5231
2354
-7476
367
5017
-7572
-8625
7537
7930
-4081
5420
3269
-3861
7273
-3731
7364
-6851
443
-3101
2233
1208
1758
-8152
8346
6812
2952
6290
9238
-5590
9942
8059
-3033
-6176
5497
6770
-5698
-5459
-2964
-9002
-5848
7127
-3006
4104
-2265
1428
7776
6347
-3987
3350
1959
5389
-3538
7567
-6832
-8405
9789
-1425
-8878
2808
-8629
-1491
-2862
2251
3171
6138
4248
4656
9823
9039
7177
-3906
-1917
5588
-1469
9019
-2718
-2810
-9576
5511
-787
-1560
7492
3649
-4803
-9152
-9690
6608
8302
-8971
4042
8150
-7194
6050
1643
268
535
-4890
2579
-1621
-4336
-7522
-9883
-8498
-6393
5407
3688
-342
-5465
-5174
815
-295
-5406
9349
1300
-828
3643
406
-6318
-9262
-7950
-1768
-4079
8931
8149
7906
-1764
5089
3012
-9236
-302
-6896
738
6546
-5937
3829
-5464
8595
3413
-8693
-7539
-3707
8189
-5772
9699
-4469
1186
-140
322
2456
7904
-2857
-2945
-1843
3201
948
-8417
5472
